{
 "cells": [
  {
   "cell_type": "markdown",
   "id": "c616be68-9ef1-48f1-b834-4a5cb1d68b63",
   "metadata": {},
   "source": [
    "# Weather at Berlin Marathon"
   ]
  },
  {
   "cell_type": "code",
   "execution_count": 1,
   "id": "b3371678-78b9-466a-b24d-3ae54e8fce71",
   "metadata": {},
   "outputs": [],
   "source": [
    "import pandas as pd"
   ]
  },
  {
   "cell_type": "code",
   "execution_count": 2,
   "id": "6e7e0590-4776-40ed-a0f0-da463a9bdcca",
   "metadata": {},
   "outputs": [],
   "source": [
    "df = pd.read_csv(\"../data/raw/tageswerte_KL_00433_19480101_20241231_hist/produkt_klima_tag_19480101_20241231_00433.txt\", sep=\";\", header=0)"
   ]
  },
  {
   "cell_type": "code",
   "execution_count": 3,
   "id": "fb1250f3-f4e9-4471-8c4c-e75bf1807fed",
   "metadata": {},
   "outputs": [
    {
     "data": {
      "text/html": [
       "<div>\n",
       "<style scoped>\n",
       "    .dataframe tbody tr th:only-of-type {\n",
       "        vertical-align: middle;\n",
       "    }\n",
       "\n",
       "    .dataframe tbody tr th {\n",
       "        vertical-align: top;\n",
       "    }\n",
       "\n",
       "    .dataframe thead th {\n",
       "        text-align: right;\n",
       "    }\n",
       "</style>\n",
       "<table border=\"1\" class=\"dataframe\">\n",
       "  <thead>\n",
       "    <tr style=\"text-align: right;\">\n",
       "      <th></th>\n",
       "      <th>STATIONS_ID</th>\n",
       "      <th>MESS_DATUM</th>\n",
       "      <th>QN_3</th>\n",
       "      <th>FX</th>\n",
       "      <th>FM</th>\n",
       "      <th>QN_4</th>\n",
       "      <th>RSK</th>\n",
       "      <th>RSKF</th>\n",
       "      <th>SDK</th>\n",
       "      <th>SHK_TAG</th>\n",
       "      <th>NM</th>\n",
       "      <th>VPM</th>\n",
       "      <th>PM</th>\n",
       "      <th>TMK</th>\n",
       "      <th>UPM</th>\n",
       "      <th>TXK</th>\n",
       "      <th>TNK</th>\n",
       "      <th>TGK</th>\n",
       "      <th>eor</th>\n",
       "    </tr>\n",
       "  </thead>\n",
       "  <tbody>\n",
       "    <tr>\n",
       "      <th>0</th>\n",
       "      <td>433</td>\n",
       "      <td>19480101</td>\n",
       "      <td>-999</td>\n",
       "      <td>-999.0</td>\n",
       "      <td>-999.0</td>\n",
       "      <td>5</td>\n",
       "      <td>5.7</td>\n",
       "      <td>8</td>\n",
       "      <td>-999.0</td>\n",
       "      <td>4</td>\n",
       "      <td>5.0</td>\n",
       "      <td>4.9</td>\n",
       "      <td>1010.7</td>\n",
       "      <td>-1.8</td>\n",
       "      <td>89.0</td>\n",
       "      <td>0.8</td>\n",
       "      <td>-5.0</td>\n",
       "      <td>-4.7</td>\n",
       "      <td>eor</td>\n",
       "    </tr>\n",
       "    <tr>\n",
       "      <th>1</th>\n",
       "      <td>433</td>\n",
       "      <td>19480102</td>\n",
       "      <td>-999</td>\n",
       "      <td>-999.0</td>\n",
       "      <td>-999.0</td>\n",
       "      <td>5</td>\n",
       "      <td>3.3</td>\n",
       "      <td>1</td>\n",
       "      <td>-999.0</td>\n",
       "      <td>8</td>\n",
       "      <td>8.0</td>\n",
       "      <td>7.9</td>\n",
       "      <td>999.7</td>\n",
       "      <td>4.4</td>\n",
       "      <td>95.0</td>\n",
       "      <td>6.8</td>\n",
       "      <td>-2.7</td>\n",
       "      <td>-2.5</td>\n",
       "      <td>eor</td>\n",
       "    </tr>\n",
       "    <tr>\n",
       "      <th>2</th>\n",
       "      <td>433</td>\n",
       "      <td>19480103</td>\n",
       "      <td>-999</td>\n",
       "      <td>-999.0</td>\n",
       "      <td>-999.0</td>\n",
       "      <td>5</td>\n",
       "      <td>4.0</td>\n",
       "      <td>1</td>\n",
       "      <td>-999.0</td>\n",
       "      <td>0</td>\n",
       "      <td>5.3</td>\n",
       "      <td>9.8</td>\n",
       "      <td>1001.7</td>\n",
       "      <td>8.5</td>\n",
       "      <td>86.0</td>\n",
       "      <td>10.6</td>\n",
       "      <td>5.2</td>\n",
       "      <td>4.6</td>\n",
       "      <td>eor</td>\n",
       "    </tr>\n",
       "    <tr>\n",
       "      <th>3</th>\n",
       "      <td>433</td>\n",
       "      <td>19480104</td>\n",
       "      <td>-999</td>\n",
       "      <td>-999.0</td>\n",
       "      <td>-999.0</td>\n",
       "      <td>5</td>\n",
       "      <td>0.2</td>\n",
       "      <td>1</td>\n",
       "      <td>-999.0</td>\n",
       "      <td>0</td>\n",
       "      <td>8.0</td>\n",
       "      <td>10.2</td>\n",
       "      <td>999.8</td>\n",
       "      <td>10.2</td>\n",
       "      <td>83.0</td>\n",
       "      <td>11.5</td>\n",
       "      <td>6.6</td>\n",
       "      <td>4.7</td>\n",
       "      <td>eor</td>\n",
       "    </tr>\n",
       "    <tr>\n",
       "      <th>4</th>\n",
       "      <td>433</td>\n",
       "      <td>19480105</td>\n",
       "      <td>-999</td>\n",
       "      <td>-999.0</td>\n",
       "      <td>-999.0</td>\n",
       "      <td>5</td>\n",
       "      <td>2.0</td>\n",
       "      <td>1</td>\n",
       "      <td>-999.0</td>\n",
       "      <td>0</td>\n",
       "      <td>7.7</td>\n",
       "      <td>9.8</td>\n",
       "      <td>987.8</td>\n",
       "      <td>10.5</td>\n",
       "      <td>78.0</td>\n",
       "      <td>12.0</td>\n",
       "      <td>8.0</td>\n",
       "      <td>5.9</td>\n",
       "      <td>eor</td>\n",
       "    </tr>\n",
       "  </tbody>\n",
       "</table>\n",
       "</div>"
      ],
      "text/plain": [
       "   STATIONS_ID  MESS_DATUM  QN_3     FX     FM  QN_4   RSK  RSKF    SDK  \\\n",
       "0          433    19480101  -999 -999.0 -999.0     5   5.7     8 -999.0   \n",
       "1          433    19480102  -999 -999.0 -999.0     5   3.3     1 -999.0   \n",
       "2          433    19480103  -999 -999.0 -999.0     5   4.0     1 -999.0   \n",
       "3          433    19480104  -999 -999.0 -999.0     5   0.2     1 -999.0   \n",
       "4          433    19480105  -999 -999.0 -999.0     5   2.0     1 -999.0   \n",
       "\n",
       "   SHK_TAG    NM   VPM      PM   TMK   UPM   TXK   TNK   TGK  eor  \n",
       "0        4   5.0   4.9  1010.7  -1.8  89.0   0.8  -5.0  -4.7  eor  \n",
       "1        8   8.0   7.9   999.7   4.4  95.0   6.8  -2.7  -2.5  eor  \n",
       "2        0   5.3   9.8  1001.7   8.5  86.0  10.6   5.2   4.6  eor  \n",
       "3        0   8.0  10.2   999.8  10.2  83.0  11.5   6.6   4.7  eor  \n",
       "4        0   7.7   9.8   987.8  10.5  78.0  12.0   8.0   5.9  eor  "
      ]
     },
     "execution_count": 3,
     "metadata": {},
     "output_type": "execute_result"
    }
   ],
   "source": [
    "df.head()"
   ]
  },
  {
   "cell_type": "code",
   "execution_count": 4,
   "id": "d63ff896-9547-4357-90fd-a5c06d86f8e8",
   "metadata": {},
   "outputs": [
    {
     "name": "stdout",
     "output_type": "stream",
     "text": [
      "<class 'pandas.core.frame.DataFrame'>\n",
      "RangeIndex: 28125 entries, 0 to 28124\n",
      "Data columns (total 19 columns):\n",
      " #   Column       Non-Null Count  Dtype  \n",
      "---  ------       --------------  -----  \n",
      " 0   STATIONS_ID  28125 non-null  int64  \n",
      " 1   MESS_DATUM   28125 non-null  int64  \n",
      " 2   QN_3         28125 non-null  int64  \n",
      " 3     FX         28125 non-null  float64\n",
      " 4     FM         28125 non-null  float64\n",
      " 5   QN_4         28125 non-null  int64  \n",
      " 6    RSK         28125 non-null  float64\n",
      " 7   RSKF         28125 non-null  int64  \n",
      " 8    SDK         28125 non-null  float64\n",
      " 9   SHK_TAG      28125 non-null  int64  \n",
      " 10    NM         28125 non-null  float64\n",
      " 11   VPM         28125 non-null  float64\n",
      " 12    PM         28125 non-null  float64\n",
      " 13   TMK         28125 non-null  float64\n",
      " 14   UPM         28125 non-null  float64\n",
      " 15   TXK         28125 non-null  float64\n",
      " 16   TNK         28125 non-null  float64\n",
      " 17   TGK         28125 non-null  float64\n",
      " 18  eor          28125 non-null  object \n",
      "dtypes: float64(12), int64(6), object(1)\n",
      "memory usage: 4.1+ MB\n"
     ]
    }
   ],
   "source": [
    "df.info()"
   ]
  },
  {
   "cell_type": "code",
   "execution_count": 5,
   "id": "98e6d40a-31fa-420f-8861-1240a672d320",
   "metadata": {},
   "outputs": [],
   "source": [
    "dates = df[\n",
    "    (df['MESS_DATUM'] == 20110925) | \n",
    "    (df['MESS_DATUM'] == 20120930) | \n",
    "    (df['MESS_DATUM'] == 20130929) | \n",
    "    (df['MESS_DATUM'] == 20140928) | \n",
    "    (df['MESS_DATUM'] == 20150927) | \n",
    "    (df['MESS_DATUM'] == 20160925) | \n",
    "    (df['MESS_DATUM'] == 20170924) | \n",
    "    (df['MESS_DATUM'] == 20180916) | \n",
    "    (df['MESS_DATUM'] == 20190929) | \n",
    "    (df['MESS_DATUM'] == 20210926) | \n",
    "    (df['MESS_DATUM'] == 20220925) | \n",
    "    (df['MESS_DATUM'] == 20230924) | \n",
    "    (df['MESS_DATUM'] == 20240929)\n",
    "    ]"
   ]
  },
  {
   "cell_type": "code",
   "execution_count": 6,
   "id": "37620662-6568-46c9-b47d-a8f2f96247e8",
   "metadata": {},
   "outputs": [
    {
     "data": {
      "text/html": [
       "<div>\n",
       "<style scoped>\n",
       "    .dataframe tbody tr th:only-of-type {\n",
       "        vertical-align: middle;\n",
       "    }\n",
       "\n",
       "    .dataframe tbody tr th {\n",
       "        vertical-align: top;\n",
       "    }\n",
       "\n",
       "    .dataframe thead th {\n",
       "        text-align: right;\n",
       "    }\n",
       "</style>\n",
       "<table border=\"1\" class=\"dataframe\">\n",
       "  <thead>\n",
       "    <tr style=\"text-align: right;\">\n",
       "      <th></th>\n",
       "      <th>STATIONS_ID</th>\n",
       "      <th>MESS_DATUM</th>\n",
       "      <th>QN_3</th>\n",
       "      <th>FX</th>\n",
       "      <th>FM</th>\n",
       "      <th>QN_4</th>\n",
       "      <th>RSK</th>\n",
       "      <th>RSKF</th>\n",
       "      <th>SDK</th>\n",
       "      <th>SHK_TAG</th>\n",
       "      <th>NM</th>\n",
       "      <th>VPM</th>\n",
       "      <th>PM</th>\n",
       "      <th>TMK</th>\n",
       "      <th>UPM</th>\n",
       "      <th>TXK</th>\n",
       "      <th>TNK</th>\n",
       "      <th>TGK</th>\n",
       "      <th>eor</th>\n",
       "    </tr>\n",
       "  </thead>\n",
       "  <tbody>\n",
       "    <tr>\n",
       "      <th>23278</th>\n",
       "      <td>433</td>\n",
       "      <td>20110925</td>\n",
       "      <td>10</td>\n",
       "      <td>5.5</td>\n",
       "      <td>1.7</td>\n",
       "      <td>9</td>\n",
       "      <td>0.0</td>\n",
       "      <td>0</td>\n",
       "      <td>10.4</td>\n",
       "      <td>-999</td>\n",
       "      <td>-999.0</td>\n",
       "      <td>11.8</td>\n",
       "      <td>1014.5</td>\n",
       "      <td>15.3</td>\n",
       "      <td>70.0</td>\n",
       "      <td>22.7</td>\n",
       "      <td>8.9</td>\n",
       "      <td>4.0</td>\n",
       "      <td>eor</td>\n",
       "    </tr>\n",
       "    <tr>\n",
       "      <th>23649</th>\n",
       "      <td>433</td>\n",
       "      <td>20120930</td>\n",
       "      <td>10</td>\n",
       "      <td>8.1</td>\n",
       "      <td>2.6</td>\n",
       "      <td>9</td>\n",
       "      <td>0.0</td>\n",
       "      <td>0</td>\n",
       "      <td>7.2</td>\n",
       "      <td>-999</td>\n",
       "      <td>-999.0</td>\n",
       "      <td>9.5</td>\n",
       "      <td>1014.8</td>\n",
       "      <td>12.0</td>\n",
       "      <td>70.0</td>\n",
       "      <td>17.1</td>\n",
       "      <td>7.1</td>\n",
       "      <td>0.9</td>\n",
       "      <td>eor</td>\n",
       "    </tr>\n",
       "    <tr>\n",
       "      <th>24013</th>\n",
       "      <td>433</td>\n",
       "      <td>20130929</td>\n",
       "      <td>10</td>\n",
       "      <td>10.9</td>\n",
       "      <td>4.4</td>\n",
       "      <td>9</td>\n",
       "      <td>0.0</td>\n",
       "      <td>0</td>\n",
       "      <td>9.4</td>\n",
       "      <td>-999</td>\n",
       "      <td>-999.0</td>\n",
       "      <td>8.8</td>\n",
       "      <td>1012.6</td>\n",
       "      <td>9.0</td>\n",
       "      <td>78.0</td>\n",
       "      <td>14.4</td>\n",
       "      <td>4.6</td>\n",
       "      <td>1.5</td>\n",
       "      <td>eor</td>\n",
       "    </tr>\n",
       "    <tr>\n",
       "      <th>24377</th>\n",
       "      <td>433</td>\n",
       "      <td>20140928</td>\n",
       "      <td>10</td>\n",
       "      <td>7.5</td>\n",
       "      <td>1.5</td>\n",
       "      <td>9</td>\n",
       "      <td>0.0</td>\n",
       "      <td>0</td>\n",
       "      <td>9.0</td>\n",
       "      <td>-999</td>\n",
       "      <td>-999.0</td>\n",
       "      <td>12.0</td>\n",
       "      <td>1020.5</td>\n",
       "      <td>14.0</td>\n",
       "      <td>76.0</td>\n",
       "      <td>21.5</td>\n",
       "      <td>5.8</td>\n",
       "      <td>-0.1</td>\n",
       "      <td>eor</td>\n",
       "    </tr>\n",
       "    <tr>\n",
       "      <th>24741</th>\n",
       "      <td>433</td>\n",
       "      <td>20150927</td>\n",
       "      <td>10</td>\n",
       "      <td>7.3</td>\n",
       "      <td>2.3</td>\n",
       "      <td>9</td>\n",
       "      <td>0.0</td>\n",
       "      <td>0</td>\n",
       "      <td>8.4</td>\n",
       "      <td>-999</td>\n",
       "      <td>-999.0</td>\n",
       "      <td>9.7</td>\n",
       "      <td>1025.6</td>\n",
       "      <td>11.4</td>\n",
       "      <td>74.0</td>\n",
       "      <td>17.4</td>\n",
       "      <td>6.5</td>\n",
       "      <td>-1.1</td>\n",
       "      <td>eor</td>\n",
       "    </tr>\n",
       "    <tr>\n",
       "      <th>25105</th>\n",
       "      <td>433</td>\n",
       "      <td>20160925</td>\n",
       "      <td>10</td>\n",
       "      <td>9.3</td>\n",
       "      <td>2.3</td>\n",
       "      <td>9</td>\n",
       "      <td>0.0</td>\n",
       "      <td>0</td>\n",
       "      <td>10.2</td>\n",
       "      <td>-999</td>\n",
       "      <td>-999.0</td>\n",
       "      <td>11.0</td>\n",
       "      <td>1016.2</td>\n",
       "      <td>15.7</td>\n",
       "      <td>64.0</td>\n",
       "      <td>22.8</td>\n",
       "      <td>8.8</td>\n",
       "      <td>2.7</td>\n",
       "      <td>eor</td>\n",
       "    </tr>\n",
       "    <tr>\n",
       "      <th>25469</th>\n",
       "      <td>433</td>\n",
       "      <td>20170924</td>\n",
       "      <td>10</td>\n",
       "      <td>6.9</td>\n",
       "      <td>3.0</td>\n",
       "      <td>9</td>\n",
       "      <td>1.4</td>\n",
       "      <td>4</td>\n",
       "      <td>0.9</td>\n",
       "      <td>-999</td>\n",
       "      <td>-999.0</td>\n",
       "      <td>15.4</td>\n",
       "      <td>1016.5</td>\n",
       "      <td>14.5</td>\n",
       "      <td>93.0</td>\n",
       "      <td>16.8</td>\n",
       "      <td>12.7</td>\n",
       "      <td>12.3</td>\n",
       "      <td>eor</td>\n",
       "    </tr>\n",
       "    <tr>\n",
       "      <th>25826</th>\n",
       "      <td>433</td>\n",
       "      <td>20180916</td>\n",
       "      <td>10</td>\n",
       "      <td>6.7</td>\n",
       "      <td>1.7</td>\n",
       "      <td>9</td>\n",
       "      <td>0.0</td>\n",
       "      <td>0</td>\n",
       "      <td>7.7</td>\n",
       "      <td>-999</td>\n",
       "      <td>-999.0</td>\n",
       "      <td>11.3</td>\n",
       "      <td>1017.7</td>\n",
       "      <td>16.4</td>\n",
       "      <td>64.0</td>\n",
       "      <td>23.2</td>\n",
       "      <td>10.1</td>\n",
       "      <td>4.4</td>\n",
       "      <td>eor</td>\n",
       "    </tr>\n",
       "    <tr>\n",
       "      <th>26204</th>\n",
       "      <td>433</td>\n",
       "      <td>20190929</td>\n",
       "      <td>10</td>\n",
       "      <td>10.5</td>\n",
       "      <td>3.5</td>\n",
       "      <td>9</td>\n",
       "      <td>8.0</td>\n",
       "      <td>4</td>\n",
       "      <td>0.7</td>\n",
       "      <td>-999</td>\n",
       "      <td>-999.0</td>\n",
       "      <td>13.9</td>\n",
       "      <td>997.5</td>\n",
       "      <td>14.7</td>\n",
       "      <td>83.0</td>\n",
       "      <td>17.0</td>\n",
       "      <td>12.8</td>\n",
       "      <td>10.7</td>\n",
       "      <td>eor</td>\n",
       "    </tr>\n",
       "    <tr>\n",
       "      <th>26932</th>\n",
       "      <td>433</td>\n",
       "      <td>20210926</td>\n",
       "      <td>10</td>\n",
       "      <td>7.9</td>\n",
       "      <td>2.6</td>\n",
       "      <td>9</td>\n",
       "      <td>0.0</td>\n",
       "      <td>4</td>\n",
       "      <td>6.9</td>\n",
       "      <td>-999</td>\n",
       "      <td>-999.0</td>\n",
       "      <td>15.6</td>\n",
       "      <td>1012.0</td>\n",
       "      <td>18.9</td>\n",
       "      <td>74.0</td>\n",
       "      <td>24.7</td>\n",
       "      <td>12.5</td>\n",
       "      <td>7.7</td>\n",
       "      <td>eor</td>\n",
       "    </tr>\n",
       "    <tr>\n",
       "      <th>27296</th>\n",
       "      <td>433</td>\n",
       "      <td>20220925</td>\n",
       "      <td>10</td>\n",
       "      <td>6.6</td>\n",
       "      <td>2.4</td>\n",
       "      <td>9</td>\n",
       "      <td>0.0</td>\n",
       "      <td>6</td>\n",
       "      <td>-999.0</td>\n",
       "      <td>0</td>\n",
       "      <td>7.9</td>\n",
       "      <td>11.8</td>\n",
       "      <td>1005.4</td>\n",
       "      <td>14.3</td>\n",
       "      <td>73.0</td>\n",
       "      <td>19.5</td>\n",
       "      <td>10.9</td>\n",
       "      <td>9.6</td>\n",
       "      <td>eor</td>\n",
       "    </tr>\n",
       "    <tr>\n",
       "      <th>27660</th>\n",
       "      <td>433</td>\n",
       "      <td>20230924</td>\n",
       "      <td>10</td>\n",
       "      <td>7.5</td>\n",
       "      <td>2.1</td>\n",
       "      <td>9</td>\n",
       "      <td>0.0</td>\n",
       "      <td>0</td>\n",
       "      <td>-999.0</td>\n",
       "      <td>0</td>\n",
       "      <td>3.4</td>\n",
       "      <td>12.1</td>\n",
       "      <td>1020.5</td>\n",
       "      <td>14.4</td>\n",
       "      <td>75.0</td>\n",
       "      <td>19.4</td>\n",
       "      <td>10.5</td>\n",
       "      <td>7.3</td>\n",
       "      <td>eor</td>\n",
       "    </tr>\n",
       "    <tr>\n",
       "      <th>28031</th>\n",
       "      <td>433</td>\n",
       "      <td>20240929</td>\n",
       "      <td>10</td>\n",
       "      <td>7.3</td>\n",
       "      <td>2.8</td>\n",
       "      <td>9</td>\n",
       "      <td>0.0</td>\n",
       "      <td>0</td>\n",
       "      <td>-999.0</td>\n",
       "      <td>0</td>\n",
       "      <td>1.8</td>\n",
       "      <td>8.6</td>\n",
       "      <td>1021.2</td>\n",
       "      <td>9.6</td>\n",
       "      <td>74.0</td>\n",
       "      <td>15.5</td>\n",
       "      <td>5.8</td>\n",
       "      <td>1.3</td>\n",
       "      <td>eor</td>\n",
       "    </tr>\n",
       "  </tbody>\n",
       "</table>\n",
       "</div>"
      ],
      "text/plain": [
       "       STATIONS_ID  MESS_DATUM  QN_3    FX    FM  QN_4   RSK  RSKF    SDK  \\\n",
       "23278          433    20110925    10   5.5   1.7     9   0.0     0   10.4   \n",
       "23649          433    20120930    10   8.1   2.6     9   0.0     0    7.2   \n",
       "24013          433    20130929    10  10.9   4.4     9   0.0     0    9.4   \n",
       "24377          433    20140928    10   7.5   1.5     9   0.0     0    9.0   \n",
       "24741          433    20150927    10   7.3   2.3     9   0.0     0    8.4   \n",
       "25105          433    20160925    10   9.3   2.3     9   0.0     0   10.2   \n",
       "25469          433    20170924    10   6.9   3.0     9   1.4     4    0.9   \n",
       "25826          433    20180916    10   6.7   1.7     9   0.0     0    7.7   \n",
       "26204          433    20190929    10  10.5   3.5     9   8.0     4    0.7   \n",
       "26932          433    20210926    10   7.9   2.6     9   0.0     4    6.9   \n",
       "27296          433    20220925    10   6.6   2.4     9   0.0     6 -999.0   \n",
       "27660          433    20230924    10   7.5   2.1     9   0.0     0 -999.0   \n",
       "28031          433    20240929    10   7.3   2.8     9   0.0     0 -999.0   \n",
       "\n",
       "       SHK_TAG     NM   VPM      PM   TMK   UPM   TXK   TNK   TGK  eor  \n",
       "23278     -999 -999.0  11.8  1014.5  15.3  70.0  22.7   8.9   4.0  eor  \n",
       "23649     -999 -999.0   9.5  1014.8  12.0  70.0  17.1   7.1   0.9  eor  \n",
       "24013     -999 -999.0   8.8  1012.6   9.0  78.0  14.4   4.6   1.5  eor  \n",
       "24377     -999 -999.0  12.0  1020.5  14.0  76.0  21.5   5.8  -0.1  eor  \n",
       "24741     -999 -999.0   9.7  1025.6  11.4  74.0  17.4   6.5  -1.1  eor  \n",
       "25105     -999 -999.0  11.0  1016.2  15.7  64.0  22.8   8.8   2.7  eor  \n",
       "25469     -999 -999.0  15.4  1016.5  14.5  93.0  16.8  12.7  12.3  eor  \n",
       "25826     -999 -999.0  11.3  1017.7  16.4  64.0  23.2  10.1   4.4  eor  \n",
       "26204     -999 -999.0  13.9   997.5  14.7  83.0  17.0  12.8  10.7  eor  \n",
       "26932     -999 -999.0  15.6  1012.0  18.9  74.0  24.7  12.5   7.7  eor  \n",
       "27296        0    7.9  11.8  1005.4  14.3  73.0  19.5  10.9   9.6  eor  \n",
       "27660        0    3.4  12.1  1020.5  14.4  75.0  19.4  10.5   7.3  eor  \n",
       "28031        0    1.8   8.6  1021.2   9.6  74.0  15.5   5.8   1.3  eor  "
      ]
     },
     "execution_count": 6,
     "metadata": {},
     "output_type": "execute_result"
    }
   ],
   "source": [
    "dates"
   ]
  },
  {
   "cell_type": "code",
   "execution_count": 7,
   "id": "933f06d4-46b4-44c2-a561-1f0eea4e6245",
   "metadata": {},
   "outputs": [],
   "source": [
    "dates.columns = dates.columns.str.strip()"
   ]
  },
  {
   "cell_type": "code",
   "execution_count": 8,
   "id": "cbf25c78-d323-4d55-930f-73c8b32ed49a",
   "metadata": {
    "scrolled": true
   },
   "outputs": [
    {
     "data": {
      "text/html": [
       "<div>\n",
       "<style scoped>\n",
       "    .dataframe tbody tr th:only-of-type {\n",
       "        vertical-align: middle;\n",
       "    }\n",
       "\n",
       "    .dataframe tbody tr th {\n",
       "        vertical-align: top;\n",
       "    }\n",
       "\n",
       "    .dataframe thead th {\n",
       "        text-align: right;\n",
       "    }\n",
       "</style>\n",
       "<table border=\"1\" class=\"dataframe\">\n",
       "  <thead>\n",
       "    <tr style=\"text-align: right;\">\n",
       "      <th></th>\n",
       "      <th>STATIONS_ID</th>\n",
       "      <th>MESS_DATUM</th>\n",
       "      <th>QN_3</th>\n",
       "      <th>FX</th>\n",
       "      <th>FM</th>\n",
       "      <th>QN_4</th>\n",
       "      <th>RSK</th>\n",
       "      <th>RSKF</th>\n",
       "      <th>SDK</th>\n",
       "      <th>SHK_TAG</th>\n",
       "      <th>NM</th>\n",
       "      <th>VPM</th>\n",
       "      <th>PM</th>\n",
       "      <th>TMK</th>\n",
       "      <th>UPM</th>\n",
       "      <th>TXK</th>\n",
       "      <th>TNK</th>\n",
       "      <th>TGK</th>\n",
       "      <th>eor</th>\n",
       "    </tr>\n",
       "  </thead>\n",
       "  <tbody>\n",
       "    <tr>\n",
       "      <th>24013</th>\n",
       "      <td>433</td>\n",
       "      <td>20130929</td>\n",
       "      <td>10</td>\n",
       "      <td>10.9</td>\n",
       "      <td>4.4</td>\n",
       "      <td>9</td>\n",
       "      <td>0.0</td>\n",
       "      <td>0</td>\n",
       "      <td>9.4</td>\n",
       "      <td>-999</td>\n",
       "      <td>-999.0</td>\n",
       "      <td>8.8</td>\n",
       "      <td>1012.6</td>\n",
       "      <td>9.0</td>\n",
       "      <td>78.0</td>\n",
       "      <td>14.4</td>\n",
       "      <td>4.6</td>\n",
       "      <td>1.5</td>\n",
       "      <td>eor</td>\n",
       "    </tr>\n",
       "    <tr>\n",
       "      <th>28031</th>\n",
       "      <td>433</td>\n",
       "      <td>20240929</td>\n",
       "      <td>10</td>\n",
       "      <td>7.3</td>\n",
       "      <td>2.8</td>\n",
       "      <td>9</td>\n",
       "      <td>0.0</td>\n",
       "      <td>0</td>\n",
       "      <td>-999.0</td>\n",
       "      <td>0</td>\n",
       "      <td>1.8</td>\n",
       "      <td>8.6</td>\n",
       "      <td>1021.2</td>\n",
       "      <td>9.6</td>\n",
       "      <td>74.0</td>\n",
       "      <td>15.5</td>\n",
       "      <td>5.8</td>\n",
       "      <td>1.3</td>\n",
       "      <td>eor</td>\n",
       "    </tr>\n",
       "    <tr>\n",
       "      <th>24741</th>\n",
       "      <td>433</td>\n",
       "      <td>20150927</td>\n",
       "      <td>10</td>\n",
       "      <td>7.3</td>\n",
       "      <td>2.3</td>\n",
       "      <td>9</td>\n",
       "      <td>0.0</td>\n",
       "      <td>0</td>\n",
       "      <td>8.4</td>\n",
       "      <td>-999</td>\n",
       "      <td>-999.0</td>\n",
       "      <td>9.7</td>\n",
       "      <td>1025.6</td>\n",
       "      <td>11.4</td>\n",
       "      <td>74.0</td>\n",
       "      <td>17.4</td>\n",
       "      <td>6.5</td>\n",
       "      <td>-1.1</td>\n",
       "      <td>eor</td>\n",
       "    </tr>\n",
       "    <tr>\n",
       "      <th>23649</th>\n",
       "      <td>433</td>\n",
       "      <td>20120930</td>\n",
       "      <td>10</td>\n",
       "      <td>8.1</td>\n",
       "      <td>2.6</td>\n",
       "      <td>9</td>\n",
       "      <td>0.0</td>\n",
       "      <td>0</td>\n",
       "      <td>7.2</td>\n",
       "      <td>-999</td>\n",
       "      <td>-999.0</td>\n",
       "      <td>9.5</td>\n",
       "      <td>1014.8</td>\n",
       "      <td>12.0</td>\n",
       "      <td>70.0</td>\n",
       "      <td>17.1</td>\n",
       "      <td>7.1</td>\n",
       "      <td>0.9</td>\n",
       "      <td>eor</td>\n",
       "    </tr>\n",
       "    <tr>\n",
       "      <th>24377</th>\n",
       "      <td>433</td>\n",
       "      <td>20140928</td>\n",
       "      <td>10</td>\n",
       "      <td>7.5</td>\n",
       "      <td>1.5</td>\n",
       "      <td>9</td>\n",
       "      <td>0.0</td>\n",
       "      <td>0</td>\n",
       "      <td>9.0</td>\n",
       "      <td>-999</td>\n",
       "      <td>-999.0</td>\n",
       "      <td>12.0</td>\n",
       "      <td>1020.5</td>\n",
       "      <td>14.0</td>\n",
       "      <td>76.0</td>\n",
       "      <td>21.5</td>\n",
       "      <td>5.8</td>\n",
       "      <td>-0.1</td>\n",
       "      <td>eor</td>\n",
       "    </tr>\n",
       "    <tr>\n",
       "      <th>27296</th>\n",
       "      <td>433</td>\n",
       "      <td>20220925</td>\n",
       "      <td>10</td>\n",
       "      <td>6.6</td>\n",
       "      <td>2.4</td>\n",
       "      <td>9</td>\n",
       "      <td>0.0</td>\n",
       "      <td>6</td>\n",
       "      <td>-999.0</td>\n",
       "      <td>0</td>\n",
       "      <td>7.9</td>\n",
       "      <td>11.8</td>\n",
       "      <td>1005.4</td>\n",
       "      <td>14.3</td>\n",
       "      <td>73.0</td>\n",
       "      <td>19.5</td>\n",
       "      <td>10.9</td>\n",
       "      <td>9.6</td>\n",
       "      <td>eor</td>\n",
       "    </tr>\n",
       "    <tr>\n",
       "      <th>27660</th>\n",
       "      <td>433</td>\n",
       "      <td>20230924</td>\n",
       "      <td>10</td>\n",
       "      <td>7.5</td>\n",
       "      <td>2.1</td>\n",
       "      <td>9</td>\n",
       "      <td>0.0</td>\n",
       "      <td>0</td>\n",
       "      <td>-999.0</td>\n",
       "      <td>0</td>\n",
       "      <td>3.4</td>\n",
       "      <td>12.1</td>\n",
       "      <td>1020.5</td>\n",
       "      <td>14.4</td>\n",
       "      <td>75.0</td>\n",
       "      <td>19.4</td>\n",
       "      <td>10.5</td>\n",
       "      <td>7.3</td>\n",
       "      <td>eor</td>\n",
       "    </tr>\n",
       "    <tr>\n",
       "      <th>25469</th>\n",
       "      <td>433</td>\n",
       "      <td>20170924</td>\n",
       "      <td>10</td>\n",
       "      <td>6.9</td>\n",
       "      <td>3.0</td>\n",
       "      <td>9</td>\n",
       "      <td>1.4</td>\n",
       "      <td>4</td>\n",
       "      <td>0.9</td>\n",
       "      <td>-999</td>\n",
       "      <td>-999.0</td>\n",
       "      <td>15.4</td>\n",
       "      <td>1016.5</td>\n",
       "      <td>14.5</td>\n",
       "      <td>93.0</td>\n",
       "      <td>16.8</td>\n",
       "      <td>12.7</td>\n",
       "      <td>12.3</td>\n",
       "      <td>eor</td>\n",
       "    </tr>\n",
       "    <tr>\n",
       "      <th>26204</th>\n",
       "      <td>433</td>\n",
       "      <td>20190929</td>\n",
       "      <td>10</td>\n",
       "      <td>10.5</td>\n",
       "      <td>3.5</td>\n",
       "      <td>9</td>\n",
       "      <td>8.0</td>\n",
       "      <td>4</td>\n",
       "      <td>0.7</td>\n",
       "      <td>-999</td>\n",
       "      <td>-999.0</td>\n",
       "      <td>13.9</td>\n",
       "      <td>997.5</td>\n",
       "      <td>14.7</td>\n",
       "      <td>83.0</td>\n",
       "      <td>17.0</td>\n",
       "      <td>12.8</td>\n",
       "      <td>10.7</td>\n",
       "      <td>eor</td>\n",
       "    </tr>\n",
       "    <tr>\n",
       "      <th>23278</th>\n",
       "      <td>433</td>\n",
       "      <td>20110925</td>\n",
       "      <td>10</td>\n",
       "      <td>5.5</td>\n",
       "      <td>1.7</td>\n",
       "      <td>9</td>\n",
       "      <td>0.0</td>\n",
       "      <td>0</td>\n",
       "      <td>10.4</td>\n",
       "      <td>-999</td>\n",
       "      <td>-999.0</td>\n",
       "      <td>11.8</td>\n",
       "      <td>1014.5</td>\n",
       "      <td>15.3</td>\n",
       "      <td>70.0</td>\n",
       "      <td>22.7</td>\n",
       "      <td>8.9</td>\n",
       "      <td>4.0</td>\n",
       "      <td>eor</td>\n",
       "    </tr>\n",
       "    <tr>\n",
       "      <th>25105</th>\n",
       "      <td>433</td>\n",
       "      <td>20160925</td>\n",
       "      <td>10</td>\n",
       "      <td>9.3</td>\n",
       "      <td>2.3</td>\n",
       "      <td>9</td>\n",
       "      <td>0.0</td>\n",
       "      <td>0</td>\n",
       "      <td>10.2</td>\n",
       "      <td>-999</td>\n",
       "      <td>-999.0</td>\n",
       "      <td>11.0</td>\n",
       "      <td>1016.2</td>\n",
       "      <td>15.7</td>\n",
       "      <td>64.0</td>\n",
       "      <td>22.8</td>\n",
       "      <td>8.8</td>\n",
       "      <td>2.7</td>\n",
       "      <td>eor</td>\n",
       "    </tr>\n",
       "    <tr>\n",
       "      <th>25826</th>\n",
       "      <td>433</td>\n",
       "      <td>20180916</td>\n",
       "      <td>10</td>\n",
       "      <td>6.7</td>\n",
       "      <td>1.7</td>\n",
       "      <td>9</td>\n",
       "      <td>0.0</td>\n",
       "      <td>0</td>\n",
       "      <td>7.7</td>\n",
       "      <td>-999</td>\n",
       "      <td>-999.0</td>\n",
       "      <td>11.3</td>\n",
       "      <td>1017.7</td>\n",
       "      <td>16.4</td>\n",
       "      <td>64.0</td>\n",
       "      <td>23.2</td>\n",
       "      <td>10.1</td>\n",
       "      <td>4.4</td>\n",
       "      <td>eor</td>\n",
       "    </tr>\n",
       "    <tr>\n",
       "      <th>26932</th>\n",
       "      <td>433</td>\n",
       "      <td>20210926</td>\n",
       "      <td>10</td>\n",
       "      <td>7.9</td>\n",
       "      <td>2.6</td>\n",
       "      <td>9</td>\n",
       "      <td>0.0</td>\n",
       "      <td>4</td>\n",
       "      <td>6.9</td>\n",
       "      <td>-999</td>\n",
       "      <td>-999.0</td>\n",
       "      <td>15.6</td>\n",
       "      <td>1012.0</td>\n",
       "      <td>18.9</td>\n",
       "      <td>74.0</td>\n",
       "      <td>24.7</td>\n",
       "      <td>12.5</td>\n",
       "      <td>7.7</td>\n",
       "      <td>eor</td>\n",
       "    </tr>\n",
       "  </tbody>\n",
       "</table>\n",
       "</div>"
      ],
      "text/plain": [
       "       STATIONS_ID  MESS_DATUM  QN_3    FX   FM  QN_4  RSK  RSKF    SDK  \\\n",
       "24013          433    20130929    10  10.9  4.4     9  0.0     0    9.4   \n",
       "28031          433    20240929    10   7.3  2.8     9  0.0     0 -999.0   \n",
       "24741          433    20150927    10   7.3  2.3     9  0.0     0    8.4   \n",
       "23649          433    20120930    10   8.1  2.6     9  0.0     0    7.2   \n",
       "24377          433    20140928    10   7.5  1.5     9  0.0     0    9.0   \n",
       "27296          433    20220925    10   6.6  2.4     9  0.0     6 -999.0   \n",
       "27660          433    20230924    10   7.5  2.1     9  0.0     0 -999.0   \n",
       "25469          433    20170924    10   6.9  3.0     9  1.4     4    0.9   \n",
       "26204          433    20190929    10  10.5  3.5     9  8.0     4    0.7   \n",
       "23278          433    20110925    10   5.5  1.7     9  0.0     0   10.4   \n",
       "25105          433    20160925    10   9.3  2.3     9  0.0     0   10.2   \n",
       "25826          433    20180916    10   6.7  1.7     9  0.0     0    7.7   \n",
       "26932          433    20210926    10   7.9  2.6     9  0.0     4    6.9   \n",
       "\n",
       "       SHK_TAG     NM   VPM      PM   TMK   UPM   TXK   TNK   TGK  eor  \n",
       "24013     -999 -999.0   8.8  1012.6   9.0  78.0  14.4   4.6   1.5  eor  \n",
       "28031        0    1.8   8.6  1021.2   9.6  74.0  15.5   5.8   1.3  eor  \n",
       "24741     -999 -999.0   9.7  1025.6  11.4  74.0  17.4   6.5  -1.1  eor  \n",
       "23649     -999 -999.0   9.5  1014.8  12.0  70.0  17.1   7.1   0.9  eor  \n",
       "24377     -999 -999.0  12.0  1020.5  14.0  76.0  21.5   5.8  -0.1  eor  \n",
       "27296        0    7.9  11.8  1005.4  14.3  73.0  19.5  10.9   9.6  eor  \n",
       "27660        0    3.4  12.1  1020.5  14.4  75.0  19.4  10.5   7.3  eor  \n",
       "25469     -999 -999.0  15.4  1016.5  14.5  93.0  16.8  12.7  12.3  eor  \n",
       "26204     -999 -999.0  13.9   997.5  14.7  83.0  17.0  12.8  10.7  eor  \n",
       "23278     -999 -999.0  11.8  1014.5  15.3  70.0  22.7   8.9   4.0  eor  \n",
       "25105     -999 -999.0  11.0  1016.2  15.7  64.0  22.8   8.8   2.7  eor  \n",
       "25826     -999 -999.0  11.3  1017.7  16.4  64.0  23.2  10.1   4.4  eor  \n",
       "26932     -999 -999.0  15.6  1012.0  18.9  74.0  24.7  12.5   7.7  eor  "
      ]
     },
     "execution_count": 8,
     "metadata": {},
     "output_type": "execute_result"
    }
   ],
   "source": [
    "dates.sort_values(['TMK'], ascending=True)"
   ]
  },
  {
   "cell_type": "code",
   "execution_count": 9,
   "id": "5f8bd5be-9d8f-4642-b12e-d9cc318e8c1d",
   "metadata": {},
   "outputs": [],
   "source": [
    "dates = dates[['MESS_DATUM', 'TMK']]"
   ]
  },
  {
   "cell_type": "code",
   "execution_count": 10,
   "id": "5b6dcc04-5e13-4649-be52-4ed40280396a",
   "metadata": {},
   "outputs": [],
   "source": [
    "dates.to_csv(\"../data/processed/weather.csv\")"
   ]
  }
 ],
 "metadata": {
  "kernelspec": {
   "display_name": "Python 3 (ipykernel)",
   "language": "python",
   "name": "python3"
  },
  "language_info": {
   "codemirror_mode": {
    "name": "ipython",
    "version": 3
   },
   "file_extension": ".py",
   "mimetype": "text/x-python",
   "name": "python",
   "nbconvert_exporter": "python",
   "pygments_lexer": "ipython3",
   "version": "3.12.10"
  }
 },
 "nbformat": 4,
 "nbformat_minor": 5
}
